Instance_name:v_81_a144_r0_b1.dat
Time:7200.256000041962
Objective:40532.46432842324
