Instance_name:v_81_a144_r0_b2.dat
Time:7200.672999858856
Objective:40315.29388618577
