Instance_name:v_100_a180_r0_b1.dat
Time:7200.221999883652
Objective:68200.55622634829
