Instance_name:v_36_a60_r0_b2.dat
Time:7200.203999996185
Objective:6008.531955921499
