Instance_name:v_36_a60_r0_b4.dat
Time:7200.180999994278
Objective:6133.326596191528
