Instance_name:v_36_a60_r0_b1.dat
Time:7200.246000051498
Objective:5945.047879837622
