Instance_name:v_100_a180_r0_b4.dat
Time:7200.2080001831055
Objective:68532.59330078744
