Instance_name:v_49_a84_r0_b1-checkpoint.dat
Time:7200.259999990463
Objective:12058.400600086852
