Instance_name:v_49_a84_r0_b4.dat
Time:7200.257000207901
Objective:12251.082399788816
