Instance_name:v_49_a84_r0_b2.dat
Time:7200.360999822617
Objective:12090.825893819772
