Instance_name:v_49_a84_r0_b1.dat
Time:7200.286000013351
Objective:12058.400600086852
