Instance_name:v_64_a112_r0_b4.dat
Time:7200.220999956131
Objective:23197.590780502633
