Instance_name:v_64_a112_r0_b1.dat
Time:7200.275000095367
Objective:22936.777885710057
