Instance_name:v_64_a112_r0_b2.dat
Time:7200.18799996376
Objective:22989.877187829585
