Instance_name:v_100_a180_r0_b2.dat
Time:7200.246999979019
Objective:68318.46972576393
