Instance_name:v_81_a144_r0_b4.dat
Time:7200.276000022888
Objective:40830.27551251054
